0000011001000000
1110110000010000
0000000000010000
1110001100001000
0000000000000111
1110110000010000
0000000000010001
1110001100001000
0000000000010001
1110110000010000
0000000000010010
1110001100001000
0000000000001000
1110110000010000
0000000000010011
1110001100001000
0000000000110010
1110110000010000
0000000000010100
1110001100001000
0100000000000000
1110110000010000
0000000000010101
1110001100001000
0000000000010000
1110110000010000
0000000000010101
1111000010001000
0000000000010100
1111110000010000
0000000000110100
1110001100000110
0000000000010001
1111110000010000
0000000000010101
1111000010001000
1111110000100000
1110111010001000
0000000000010010
1111110000010000
0000000000010110
1111000010001000
1111110000100000
1110111010001000
0000000000010011
1111110000010000
0000000000010101
1111000010001000
0000000000010100
1111110010001000
0000000000011100
1110101010000111
0000000000110100
1110101010000111
